# Bigwood F
1 0.025  11  2 3 1 1
2 0.2  20  7 6 0 0
2 0.8  11  7 6 1 3
3 1.0  18  5 5 1 1
4 1.0  13  4 9 1 0
5 1.0  15  7 4 0 2
6 1.0  10 10 4 0 1

# Bigwood F (variation 1)
1 0.025  11  2 3 0 2
2 0.2  20  7 6 0 0
2 0.8  11  7 6 0 0
3 1.0  18  5 5 1 1
4 1.0  13  4 9 1 0
5 1.0  15  7 4 0 2
6 1.0  10 10 4 0 1

# Bigwood F (variation 2)
1 0.025  11  3  2 1 1
2 0.2  20  6  7 0 0
2 0.8  11  6  7 1 3
3 1.0  18  5  5 0 2
4 1.0  13  9  4 0 1
5 1.0  15  4  7 1 1
6 1.0  10  4 10 0 0

# Bigwood F (variation 3)
1 0.025  11  3  2 0 2
2 0.2  20  6  7 0 0
2 0.8  11  6  7 0 0
3 1.0  18  5  5 0 2
4 1.0  13  9  4 0 1
5 1.0  15  4  7 1 1
6 1.0  10  4 10 0 0

# Other F openings (FW, FY)
1 0.1 11 3 3 0 0
2 0.5 20 7 6 0 0

# FY
3 0.0 18 6 4 0 2
4 1.0 19 9 4 0 0
5 1.0 15 5 6 1 1
3 0.5 18 4 6 0 3
4 1.0 15 4 9 1 2
5 1.0 19 2 9 0 2
6 1.0  9 5 4 1 0

# FW
3 0.5 16 5 5 0 1
4 1.0 15 3 7 0 2

2 0.5 20 6 7 0 0

# FW
3 1.0 16 5 5 0 1
4 1.0 15 7 3 1 1

# Other F openings (FW, FY) (variation 1)
1 0.1 11 3 3 1 3
2 0.5 20 7 6 0 0

# FY
3 0.5 18 4 6 0 3
4 1.0 15 4 9 1 2
5 1.0 19 2 9 0 2
6 1.0  9 5 4 1 0
7 1.0 15 5 2 0 2

# FW
3 0.5 16 5 5 0 1
4 1.0 15 3 7 0 2

2 0.5 20 6 7 0 0

# FY
3 0.0 18 4 6 1 1
4 1.0 19 4 9 0 1
5 1.0 15 6 5 0 2
3 0.5 18 6 4 1 2
4 1.0 15 9 4 0 3
5 1.0 19 9 2 0 3
6 1.0  9 4 5 0 1

# FW
3 0.5 16 5 5 0 1
4 1.0 15 7 3 1 1

# Oldmanc F
1 0.1 11 3 2 0 0
2 0.4 20 7 6 0 0
3 1.0 20 5 4 0 0

2 0.6 20 6 7 0 0
3 1.0 20 5 4 0 0
4 0.5 16 3 5 0 0
4 0.2 18 8 3 0 1
4 0.3 11 3 5 1 1

# Oldmanc F (variation 1)
1 0.1 11 2 3 1 3
2 0.4 20 6 7 0 0
3 1.0 20 4 5 0 0

2 0.6 20 7 6 0 0
3 1.0 20 4 5 0 0
4 0.2 18 3 8 1 0
4 0.5 16 5 3 0 2
4 0.3 11 5 3 0 2

# Mirror openings
1 0.0 16 3 3 0 0
2 1.0 16 6 6 0 2
1 0.0 16 3 3 0 2
2 1.0 16 6 6 0 0
1 0.0 17 3 3 0 0
2 1.0 17 6 6 0 0
1 0.0 17 3 3 1 1
2 1.0 17 6 6 1 1
1 0.0 14 3 3 0 0
2 1.0 14 6 6 0 2
1 0.0 14 3 3 0 2
2 1.0 14 6 6 0 0

# X openings
1 0.25 20 2 3 0 0
2 1.0 20 7 6 0 0

# XN Gerenuk
3 0.05 15 4 2 0 2
4 1.0 16 7 3 0 1

# XF Yasu
3 0.05 11 4 5 0 3
4 1.0 18 3 8 1 0

# XF Tetris-Time
3 0.1 11 4 5 0 2
4 1.0 15 6 2 1 1

# XF Lerpy
3 0.4 11 4 1 1 1
4 0.45 18 3 6 0 0
4 0.45 18 3 6 1 0
4 0.1 11 5 8 1 3

# XF Rubik
3 0.4 11 5 4 0 3
4 0.8 16 3 5 0 0
4 0.2 11 3 6 1 3

# X openings (variation)
1 0.25 20 3 2 0 0
2 1.0 20 6 7 0 0

# XN Gerenuk
3 0.05 15 2 4 1 1
4 1.0 16 3 7 0 1

# XF Yasu
3 0.05 11 5 4 1 2
4 1.0 18 8 3 0 1

# XF Tetris-Time
3 0.1 11 5 4 1 1
4 1.0 15 2 6 0 2

# XF Lerpy
3 0.4 11 1 4 0 2
4 0.45 18 6 3 0 1
4 0.45 18 6 3 1 3
4 0.1 11 8 5 0 0

# XF Rubik
3 0.4 11 4 5 1 2
4 0.8 16 5 3 0 2
4 0.2 11 6 3 0 0